Angular velocity of rotation of the shell versus time(W):
140.000 138.042 132.361 123.511 112.361 100.000 87.639 76.489 67.639 61.958 60.000 61.958 67.639 76.489 87.639 100.000 112.361 123.511 132.361 138.042 140.000 
Fluid pressure versus time(H):
0.390 0.390 0.390 0.390 0.390 0.390 0.210 0.210 0.210 0.210 0.390 0.390 0.390 0.390 0.390 0.390 0.210 0.210 0.210 0.210 0.210 
Power change graph(N):
41185.299,  38948.422,  32971.964,  25070.496,  17248.867,  10896.403,  6364.849,  3719.896,  2294.036,  1626.970,  1494.744,  1690.465,  2369.710,  3816.667,  6491.890,  10896.403,  17040.045,  24818.170,  32682.186,  38633.232,  40861.106,  


Angular velocity of rotation of the shell versus time(W):
140.000 138.042 132.361 123.511 112.361 100.000 87.639 76.489 67.639 61.958 60.000 61.958 67.639 76.489 87.639 100.000 112.361 123.511 132.361 138.042 140.000 
Fluid pressure versus time(H):
0.390 0.390 0.390 0.390 0.390 0.390 0.210 0.210 0.210 0.210 0.390 0.390 0.390 0.390 0.390 0.390 0.210 0.210 0.210 0.210 0.210 
Power change graph(N):
189485.469,  179156.229,  151564.668,  115102.839,  79037.684,  49782.305,  29202.984,  17014.217,  10454.710,  7391.416,  6667.081,  7556.973,  10652.023,  17266.537,  29534.233,  49782.305,  78493.199,  114444.922,  150809.097,  178334.400,  188640.164,  


Angular velocity of rotation of the shell versus time(W):
140.000 138.042 132.361 123.511 112.361 100.000 87.639 76.489 67.639 61.958 60.000 61.958 67.639 76.489 87.639 100.000 112.361 123.511 132.361 138.042 140.000 
Fluid pressure versus time(H):
0.390 0.390 0.390 0.390 0.390 0.390 0.210 0.210 0.210 0.210 0.390 0.390 0.390 0.390 0.390 0.390 0.210 0.210 0.210 0.210 0.210 
Power change graph(N):
628638.131,  594311.088,  502625.585,  381490.800,  261717.593,  164614.840,  96759.119,  56290.760,  34529.824,  24375.939,  21792.806,  24728.688,  34950.235,  56828.372,  97464.907,  164614.840,  260557.469,  380088.988,  501015.704,  592560.033,  626837.056,  


